0.000 120.540 124.000 144.700 176.672 199.482 263.078 279.079 295.779 390.333 399.712 401.419 422.512 451.314 462.004 482.308 506.320 509.117 511.489 518.961 524.202 536.493 572.965 648.002 655.626 678.862 702.164 723.395 732.083 751.481 774.010 808.458 808.918 833.658 887.020 915.987 1031.501 1032.756 1076.506 1099.063 1170.194 1195.532 1195.876 1232.534 1234.998
0.000 115.122 175.419 179.176 213.846 250.170 256.205 341.013 344.384 346.055 347.121 359.651 405.311 452.365 458.629 485.618 524.391 552.415 561.208 601.455 613.561 662.338 678.862 702.186 734.429 739.343 746.571 775.387 799.633 804.033 807.952 848.303 858.973 885.581 889.767 890.587 913.245 918.915 944.663 982.855 1019.436 1079.535 1093.077 1107.441 1276.409
0.000 159.000 243.822 245.000 269.676 280.189 287.007 316.796 332.488 333.362 345.585 367.920 374.486 395.835 399.284 416.156 420.773 433.207 447.451 450.608 490.980 520.500 521.791 529.627 534.562 539.682 576.483 604.772 611.344 633.064 704.347 708.834 746.571 751.481 786.234 788.835 825.768 860.665 884.060 894.290 912.340 931.419 986.332 1020.108 1072.287
0.000 135.724 203.789 233.624 285.223 287.155 341.013 367.751 379.512 387.418 387.737 441.956 490.874 507.909 511.353 539.682 543.725 585.867 607.975 614.421 638.614 666.731 680.662 686.656 687.514 694.801 704.074 709.138 710.049 713.376 731.167 733.011 767.610 809.892 825.218 833.658 839.689 875.939 884.150 890.498 906.071 935.034 962.499 1025.531 1094.598
0.000 183.199 205.915 350.839 376.161 406.041 427.930 507.909 525.259 537.023 604.772 624.677 628.373 693.987 711.101 749.106 763.970 774.474 798.589 828.136 832.831 839.844 845.819 848.303 867.862 882.683 929.424 944.119 957.256 969.137 1035.031 1040.766 1114.009 1117.306 1171.082 1178.170 1181.102 1186.658 1194.295 1234.998 1250.984 1309.747 1339.496 1377.045 1495.243
0.000 100.663 176.672 194.435 247.913 277.908 289.249 318.135 320.206 364.343 377.276 412.869 421.304 467.714 469.834 491.009 520.162 545.484 552.110 572.102 598.505 616.520 653.391 675.954 689.041 708.834 783.779 807.952 809.223 824.488 825.506 867.452 906.071 915.161 916.542 940.800 973.379 1023.936 1042.068 1045.069 1093.846 1127.956 1136.226 1222.415 1250.984
0.000 183.199 231.277 232.045 242.745 347.748 387.660 399.101 437.321 464.087 529.627 607.975 652.192 655.665 702.481 702.599 715.159 732.306 772.845 791.313 808.129 824.348 840.859 844.261 862.047 920.074 924.533 944.663 954.158 960.384 1049.524 1050.107 1106.194 1112.222 1219.693 1222.415 1232.534 1243.267 1244.850 1285.813 1288.232 1292.256 1360.015 1377.045 1485.220
0.000 104.389 199.462 211.570 223.379 295.779 307.417 316.588 343.233 358.218 359.956 398.549 415.987 416.924 427.739 452.365 464.010 467.714 477.247 479.718 524.024 569.548 584.939 590.181 613.457 667.162 674.154 688.567 704.074 725.342 782.897 819.398 825.768 831.733 862.037 990.013 1074.695 1110.968 1111.952 1178.170 1198.968 1213.422 1219.693 1266.343 1334.353
0.000 135.724 153.405 186.046 250.170 252.960 263.928 289.126 305.374 312.155 363.200 379.328 416.617 433.614 460.109 464.776 521.791 547.165 565.081 567.797 569.548 583.693 597.095 603.364 619.013 624.677 652.945 654.836 668.880 702.164 702.599 711.016 738.312 754.777 756.340 769.270 779.699 783.779 806.852 828.686 850.469 858.362 865.000 961.784 1040.185
0.000 100.245 108.669 110.164 138.917 188.096 222.506 242.638 322.453 332.488 336.400 366.000 406.872 410.621 412.869 444.563 506.675 509.117 537.339 568.177 606.970 611.703 627.313 637.177 641.627 654.836 657.451 687.745 688.567 700.469 701.833 729.082 731.198 732.912 733.011 733.415 775.604 804.033 834.317 860.600 862.047 903.117 929.424 979.455 1065.122
0.000 137.884 144.700 148.923 155.361 247.913 265.240 343.233 423.132 436.041 524.040 532.159 534.013 536.270 557.032 586.919 594.781 618.943 637.177 655.540 667.133 673.766 689.470 691.107 774.932 775.387 803.080 813.669 828.686 867.669 894.290 918.976 951.992 962.499 1027.987 1042.421 1173.767 1174.266 1220.639 1236.835 1313.767 1324.834 1337.120 1377.045 1377.045
0.000 115.122 238.730 251.962 263.486 266.811 288.043 298.464 303.449 363.200 393.815 441.956 459.635 464.010 567.493 581.395 605.925 661.804 674.248 674.828 675.107 707.433 723.395 803.080 808.006 831.828 838.430 846.898 860.665 867.452 903.117 939.409 944.119 970.013 971.481 984.693 995.121 1031.943 1049.524 1097.864 1131.934 1191.500 1208.189 1221.417 1391.265
0.000 138.917 139.703 157.953 186.489 247.316 268.039 280.189 288.321 292.099 427.151 433.472 460.492 462.555 488.215 531.583 537.113 545.484 548.693 550.074 572.042 615.605 635.334 635.843 641.656 648.002 696.336 706.134 710.623 711.016 767.610 774.932 791.313 819.398 834.652 839.102 847.685 882.683 889.767 896.085 902.497 981.033 995.121 1094.457 1172.796
0.000 125.575 238.730 257.420 338.615 347.121 379.012 469.707 479.718 487.201 497.257 597.095 640.125 664.091 680.662 739.698 746.268 761.190 764.094 774.010 813.669 892.335 895.520 899.080 906.722 939.282 940.800 979.400 1014.935 1046.576 1065.122 1072.287 1099.498 1132.235 1166.803 1172.796 1181.102 1265.231 1288.232 1322.864 1366.137 1390.246 1430.706 1452.183 1606.564
0.000 223.486 268.039 282.526 285.012 316.481 345.585 400.552 406.872 430.113 435.877 471.988 494.620 502.004 514.898 542.351 606.295 626.911 661.233 694.395 694.713 702.481 716.599 751.229 809.223 815.010 839.844 865.000 884.150 903.692 907.009 915.987 920.961 1042.421 1048.950 1074.695 1079.535 1080.336 1097.379 1106.099 1151.610 1191.500 1220.041 1324.125 1390.246
0.000 121.594 136.682 146.031 223.379 257.420 303.449 329.621 344.384 404.079 409.766 480.817 517.406 518.961 519.773 524.864 547.165 557.032 559.047 614.714 639.294 666.731 684.828 689.041 718.946 765.101 823.569 826.531 845.810 860.600 868.733 914.031 931.419 981.033 998.880 1004.106 1171.082 1176.494 1204.653 1220.041 1244.850 1279.446 1303.821 1349.417 1460.724
0.000 137.884 197.995 263.078 275.262 289.249 378.021 477.247 538.001 559.394 565.410 604.206 649.426 663.019 672.686 684.828 701.833 714.228 731.443 753.698 755.363 784.200 814.074 826.799 834.652 913.245 939.282 939.409 941.210 961.784 986.332 1056.279 1067.972 1094.598 1097.379 1148.662 1257.961 1290.817 1312.040 1317.551 1382.259 1407.075 1421.271 1485.220 1495.243
0.000 159.477 205.915 222.847 242.745 286.252 363.588 367.751 416.156 426.550 460.109 477.604 507.301 536.263 558.660 569.278 570.169 600.710 601.646 633.003 641.568 687.553 694.395 696.336 702.186 731.198 745.081 753.072 765.622 808.006 838.672 867.139 913.142 913.460 990.013 1004.106 1007.321 1031.501 1043.090 1045.069 1046.576 1104.305 1142.510 1174.266 1290.817
0.000 111.503 128.265 134.952 163.490 254.443 269.898 271.577 284.522 313.683 322.453 379.328 390.333 399.284 404.969 407.593 418.799 421.304 421.692 427.151 427.739 441.458 466.725 485.618 490.874 493.812 500.609 522.705 534.013 540.156 559.047 581.395 641.568 649.426 661.233 667.971 685.843 702.574 746.268 771.391 801.011 844.009 844.261 845.819 909.992
0.000 128.265 134.104 170.485 185.540 200.861 252.438 263.928 335.887 344.328 359.651 379.606 382.498 387.083 387.418 398.549 414.146 439.966 444.563 447.769 450.608 451.314 459.635 480.817 520.162 527.800 531.914 535.373 537.113 541.170 548.091 574.415 586.919 601.646 640.125 714.228 715.001 726.829 751.229 798.589 817.103 823.597 824.348 876.532 981.216
0.000 102.956 161.112 196.311 231.277 257.002 286.252 333.362 359.006 376.161 380.821 432.404 463.729 471.988 565.099 572.042 576.851 588.430 614.421 657.451 668.880 702.574 715.001 728.701 748.766 780.795 805.723 816.202 844.461 846.981 918.915 956.515 1031.609 1031.943 1042.068 1076.506 1111.952 1120.640 1153.085 1176.494 1220.639 1225.142 1240.328 1265.231 1317.551
0.000 107.201 162.607 188.096 277.908 281.221 292.099 360.669 366.105 373.466 378.550 407.593 421.033 422.512 496.677 520.500 524.040 535.373 542.351 559.394 621.953 667.162 674.579 711.101 719.701 748.054 760.907 766.093 779.699 780.303 813.620 827.068 844.461 868.733 875.939 885.581 906.071 913.460 917.829 947.268 971.481 998.764 1050.107 1099.498 1114.009
0.000 111.503 160.078 200.861 241.118 246.205 247.245 279.079 311.082 316.057 320.206 336.400 357.398 358.218 366.105 369.716 392.827 402.404 421.628 423.132 440.183 462.555 464.776 490.980 506.442 524.391 524.864 530.298 538.001 585.867 605.925 608.153 611.310 646.888 716.599 739.698 753.072 777.541 805.723 855.900 902.331 938.395 954.158 957.256 979.617
0.000 125.575 136.682 246.903 257.109 263.486 346.055 359.956 408.769 459.759 511.197 539.001 574.415 583.693 646.888 651.596 655.626 667.971 686.656 689.470 705.057 775.699 814.074 822.344 825.506 882.052 888.006 888.984 937.795 979.455 998.764 1020.108 1039.031 1043.090 1094.457 1101.136 1194.295 1240.328 1283.424 1285.813 1324.125 1342.714 1387.255 1421.042 1553.829
0.000 208.856 285.012 310.272 321.820 423.860 463.729 473.187 534.562 550.074 655.665 667.199 687.745 720.809 741.351 745.081 746.539 794.269 803.807 827.068 828.136 848.925 909.992 979.617 981.216 1025.531 1040.185 1090.505 1093.846 1109.964 1145.175 1191.168 1195.532 1213.514 1276.409 1316.844 1324.834 1334.353 1381.970 1382.259 1391.265 1403.714 1460.724 1553.829 1606.564
0.000 120.540 160.078 194.435 203.868 265.240 271.577 291.494 302.035 307.417 344.328 360.669 378.021 391.782 405.005 406.214 408.495 410.621 425.677 427.076 429.076 486.042 517.406 548.693 603.364 613.561 622.043 633.064 651.596 674.248 690.351 726.034 731.167 761.190 770.795 815.010 913.142 916.027 956.515 985.622 1050.752 1078.782 1090.505 1112.222 1117.306
0.000 115.434 148.661 208.856 235.053 257.002 282.526 370.860 374.486 464.087 488.215 536.263 544.063 563.099 599.270 610.797 611.703 628.373 674.154 689.493 708.297 771.391 780.303 823.597 825.218 850.469 855.900 933.829 979.729 985.622 1017.951 1023.936 1093.077 1099.063 1115.191 1158.117 1198.968 1208.189 1236.835 1258.546 1273.039 1303.821 1312.040 1387.255 1430.706
0.000 120.341 148.661 163.478 196.311 310.272 347.748 430.113 447.451 477.604 486.766 525.259 546.312 576.494 615.605 667.572 691.272 729.082 744.529 801.918 809.892 818.133 844.009 858.362 876.532 906.071 938.395 961.651 1010.814 1020.385 1078.782 1107.441 1136.226 1195.876 1203.541 1221.417 1223.350 1266.343 1316.417 1337.120 1349.417 1359.787 1421.042 1421.271 1452.183
0.000 101.045 153.405 179.176 185.540 240.608 266.993 279.873 287.155 288.043 313.683 369.716 404.079 412.680 416.924 422.303 423.341 441.952 459.759 486.042 497.257 555.577 568.032 572.965 576.483 600.710 606.976 627.313 675.954 681.981 685.309 691.107 710.623 717.131 719.701 774.474 780.795 826.799 827.113 840.859 883.342 903.692 933.829 961.651 1109.964
0.000 134.104 134.952 147.122 246.205 279.873 282.540 284.860 289.126 296.906 316.796 334.283 365.821 366.000 379.512 403.937 406.214 433.472 458.629 467.388 468.834 469.438 496.677 507.301 524.024 524.202 552.110 567.493 572.281 588.430 593.263 601.322 614.714 626.911 645.477 667.133 689.493 689.529 705.057 711.101 715.159 744.529 764.094 784.200 848.925
0.000 155.361 199.482 211.570 275.262 279.258 291.323 291.494 364.343 409.766 411.024 421.628 506.338 522.705 539.001 541.170 591.838 606.976 621.953 645.477 662.338 664.091 668.521 674.828 700.469 704.770 716.331 754.777 818.843 839.102 890.498 912.340 912.602 924.949 988.794 1106.099 1142.510 1198.412 1225.142 1273.039 1322.930 1339.496 1359.787 1360.015 1381.970
0.000 104.389 121.594 153.395 257.109 291.323 319.883 379.012 393.815 399.712 405.311 408.495 412.680 436.041 439.966 440.183 493.812 518.785 565.081 565.410 572.102 572.281 576.605 657.189 674.985 694.801 752.532 766.093 775.604 810.936 819.421 847.852 884.060 902.497 934.508 1007.321 1151.610 1153.085 1165.263 1186.658 1243.267 1255.632 1258.546 1316.417 1403.714
0.000 102.956 120.341 182.409 232.045 235.053 363.588 406.041 420.773 423.860 460.896 475.946 494.620 498.439 635.843 658.991 659.200 689.529 709.138 733.415 769.270 801.011 811.705 817.103 818.204 883.342 902.331 912.121 917.829 949.937 1019.436 1050.752 1127.956 1131.934 1134.563 1170.194 1209.483 1213.422 1255.632 1279.446 1313.767 1322.930 1342.714 1366.137 1407.075
0.000 100.245 135.418 152.506 157.953 196.367 210.345 245.000 269.898 281.221 282.540 316.057 379.606 400.552 425.677 437.104 469.834 504.296 536.493 541.383 548.255 555.577 555.792 563.099 567.797 576.851 633.003 638.614 659.200 667.199 667.572 673.766 674.154 691.286 716.331 734.429 750.457 752.532 753.698 772.845 826.531 832.831 838.430 937.795 1014.935
0.000 175.419 186.046 203.789 240.608 251.962 326.242 414.146 424.454 436.177 468.834 473.888 487.201 511.197 519.773 540.156 570.169 576.605 608.153 613.457 615.376 693.987 704.347 726.034 750.457 789.861 808.129 808.458 816.202 818.843 834.317 838.619 896.085 903.703 912.121 916.542 918.976 923.578 932.636 947.268 1010.814 1017.951 1048.950 1056.279 1213.514
0.000 115.434 161.112 163.478 182.409 287.007 316.481 321.820 327.136 387.660 426.550 429.951 460.492 483.870 504.296 530.306 537.023 568.177 593.263 645.555 655.243 685.843 710.049 726.829 738.312 748.054 777.541 827.113 877.849 903.703 916.027 973.379 982.855 1032.756 1058.643 1060.012 1097.864 1110.968 1165.263 1173.767 1198.412 1204.653 1257.961 1283.424 1322.864
0.000 135.418 147.122 163.490 213.860 222.506 243.822 247.245 252.438 279.946 288.321 328.343 344.201 373.466 391.782 422.303 422.888 433.614 443.687 491.009 502.004 511.353 511.489 530.306 558.660 560.533 565.099 578.371 590.181 601.455 610.797 615.376 655.540 657.189 658.991 668.521 691.272 707.433 718.946 732.306 746.539 755.363 763.970 822.344 892.335
0.000 101.045 170.485 184.784 213.846 252.960 284.522 296.906 298.464 311.082 316.588 319.883 326.242 329.621 387.737 405.005 408.769 422.888 469.707 482.308 496.101 506.338 528.076 533.376 548.255 594.781 598.505 598.629 606.970 611.344 674.579 686.348 687.553 697.475 706.134 731.443 846.981 867.862 877.849 920.961 924.533 949.937 979.729 1020.385 1145.175
0.000 107.201 110.164 153.561 186.489 210.345 319.820 328.343 377.276 392.827 404.969 427.076 433.207 435.877 467.388 477.066 506.320 531.914 618.943 645.555 647.328 663.019 674.154 686.348 704.770 717.131 720.809 725.342 748.766 751.697 756.340 795.226 801.918 818.204 819.421 838.672 839.689 890.587 914.031 932.636 960.384 984.693 1035.031 1039.031 1132.235
0.000 104.785 159.477 233.624 305.374 350.839 365.821 367.920 380.821 399.101 436.177 441.952 443.687 447.769 475.946 483.870 500.609 526.642 528.076 541.383 552.415 576.494 599.270 611.310 635.334 641.627 657.123 661.804 694.713 707.984 751.697 770.795 803.807 813.620 831.733 845.810 847.852 887.020 888.984 899.080 915.161 967.139 988.794 1027.987 1148.662
0.000 100.663 124.000 148.923 197.995 203.868 279.258 357.398 378.550 406.941 415.987 466.725 477.066 506.675 518.785 548.091 555.792 560.533 586.003 598.629 601.322 639.294 641.656 685.309 744.345 775.699 788.835 799.633 806.852 846.898 881.819 895.520 907.009 923.578 935.034 967.139 1060.012 1104.305 1115.191 1120.640 1191.168 1209.483 1223.350 1292.256 1309.747
0.000 108.669 152.506 153.561 162.607 213.860 241.118 247.316 254.443 302.035 318.135 334.283 337.511 382.498 395.835 401.419 406.941 514.898 532.159 533.376 556.354 568.032 584.939 591.838 604.206 619.013 643.152 655.243 657.123 674.985 708.297 713.376 728.701 739.343 765.101 765.622 789.861 794.269 811.705 818.133 831.828 888.006 920.074 969.137 979.400
0.000 104.785 222.847 269.676 284.860 285.223 312.155 344.201 359.006 387.083 418.799 423.341 426.938 427.930 429.951 437.104 437.321 460.896 473.888 496.101 530.298 531.583 537.339 544.063 546.312 556.354 561.208 606.295 647.328 675.107 680.536 690.351 711.101 741.351 782.897 808.918 810.936 823.569 824.488 881.819 882.052 906.722 924.949 951.992 1067.972
0.000 146.031 153.395 184.784 199.462 246.903 256.205 266.811 266.993 335.887 338.615 402.404 411.024 416.617 421.692 424.454 429.076 462.004 469.438 536.270 543.725 578.371 586.003 616.520 643.152 672.686 680.536 691.286 707.984 732.912 760.907 786.234 795.226 847.685 858.080 867.139 1031.609 1040.766 1058.643 1080.336 1106.194 1134.563 1158.117 1203.541 1316.844
0.000 139.703 159.000 196.367 223.486 242.638 279.946 319.820 327.136 337.511 370.860 403.937 421.033 426.938 432.404 441.458 473.187 486.766 498.439 506.442 526.642 527.800 569.278 622.043 652.192 652.945 653.391 681.981 687.514 697.475 732.083 744.345 749.106 838.619 858.080 858.973 862.037 867.669 912.602 934.508 941.210 970.013 998.880 1101.136 1166.803
