1031.0 -669.0
172.0 -241.0
913.0 -177.0
1320.0 -624.0
1136.0 -37.0
437.0 -775.0
80.0 -85.0
848.0 -814.0
604.0 -730.0
1174.0 -833.0
151.0 -762.0
806.0 -994.0
1315.0 -187.0
1409.0 -79.0
311.0 -252.0
101.0 -583.0
977.0 -278.0
72.0 -408.0
28.0 -745.0
941.0 -584.0
835.0 -680.0
960.0 -983.0
404.0 -390.0
689.0 -116.0
435.0 -947.0
511.0 -650.0
725.0 -313.0
423.0 -180.0
336.0 -791.0
1382.0 -770.0
685.0 -846.0
612.0 -995.0
1418.0 -349.0
16.0 -320.0
53.0 -930.0
1384.0 -907.0
832.0 -554.0
706.0 -684.0
231.0 -472.0
458.0 -57.0
1414.0 -219.0
841.0 -307.0
470.0 -282.0
969.0 -400.0
