1253.0 -217.0
1086.0 -875.0
521.0 -387.0
745.0 -878.0
239.0 -922.0
1155.0 -70.0
148.0 -763.0
1339.0 -500.0
850.0 -792.0
749.0 -145.0
1386.0 -160.0
1183.0 -937.0
612.0 -122.0
1419.0 -973.0
346.0 -89.0
1392.0 -717.0
1442.0 -34.0
390.0 -782.0
919.0 -419.0
943.0 -545.0
228.0 -546.0
883.0 -13.0
1011.0 -356.0
1431.0 -848.0
62.0 -113.0
1142.0 -264.0
157.0 -299.0
75.0 -423.0
988.0 -725.0
815.0 -505.0
1430.0 -309.0
1380.0 -596.0
126.0 -532.0
717.0 -240.0
932.0 -959.0
234.0 -385.0
764.0 -367.0
1067.0 -662.0
779.0 -39.0
547.0 -754.0
1253.0 -93.0
854.0 -173.0
571.0 -652.0
1251.0 -679.0
521.0 -228.0
