347.0 557.0
273.0 814.0
1444.0 760.0
773.0 442.0
434.0 807.0
743.0 924.0
1043.0 353.0
1162.0 702.0
530.0 354.0
657.0 827.0
679.0 674.0
600.0 132.0
1169.0 279.0
1386.0 331.0
977.0 965.0
10.0 548.0
68.0 905.0
403.0 135.0
1153.0 418.0
1441.0 636.0
683.0 555.0
405.0 973.0
959.0 192.0
398.0 3.0
701.0 291.0
203.0 953.0
126.0 459.0
615.0 458.0
85.0 627.0
16.0 709.0
1200.0 13.0
588.0 232.0
1276.0 746.0
209.0 95.0
464.0 665.0
857.0 745.0
1019.0 605.0
1078.0 220.0
545.0 953.0
880.0 424.0
70.0 804.0
243.0 578.0
1353.0 431.0
33.0 367.0
527.0 586.0
234.0 226.0
763.0 785.0
813.0 633.0
1391.0 128.0
1261.0 886.0
840.0 310.0
974.0 860.0
1282.0 991.0
454.0 223.0
113.0 288.0
29.0 153.0
1443.0 927.0
1082.0 979.0
1166.0 131.0
1144.0 896.0
